10,264
10,280
10,78
10,310
10,256
10,142
11,24
11,18
8,7
8,5
8,4
8,12
68,4
68,3
68,2
68,1
68,0
67,5
67,4
67,3
67,2
67,1
67,0
64,5
64,4
64,3
64,2
64,1
64,0
62,5
62,4
62,3
62,2
62,1
62,0
58,4
58,3
58,2
58,1
58,0
53,5
53,1
48,3
48,1
20,3
20,2
20,1
19,3
19,2
19,1
12,3
12,2
12,1
11,28
11,16
11,14
11,12
11,10
11,8
11,6
11,4
11,3
11,2
11,1
10,234
10,228
10,226
10,214
10,190
10,125
10,70
18,1
10,30
18,3
10,22
10,3
10,2
14,1
10,1
14,3
9,7
13,1
9,6
13,3
9,5
9,4
9,3
9,2
9,1
8,18
8,17
8,15
8,14
8,13
8,8
8,3
8,2
8,1
3,3
3,2
3,1
2,2
2,3
2,1
0,472
0,273
